array([[1.        , 0.05634362, 0.12888482, ..., 0.07559289, 0.11065667,
        0.06388766],
       [0.05634362, 1.        , 0.07624929, ..., 0.        , 0.03636965,
        0.        ],
       [0.12888482, 0.07624929, 1.        , ..., 0.02273314, 0.06655583,
        0.08645856],
       ...,
       [0.07559289, 0.        , 0.02273314, ..., 1.        , 0.03253   ,
        0.02817181],
       [0.11065667, 0.03636965, 0.06655583, ..., 0.03253   , 1.        ,
        0.0412393 ],
       [0.06388766, 0.        , 0.08645856, ..., 0.02817181, 0.0412393 ,
        1.        ]])
